  1: 1650 1450 2725 10
  2: 1650 2290 2725 10
Cmd: User_wait Press button to continue.
  3: 1650 2290 2725 66
  4: 1650 1450 2725 66
  5: 1200 1450 2725 66
  7: 1200 3000 2990 10
  8: 1200 2650 2990 10
  9: 1200 2000 2870 10
 10: 1650 2000 2870 10
 12: 1650 2620 2870 66
 13: 1650 2000 2870 66
 15: 2100 3000 2990 10
 16: 2100 2530 2990 10
 17: 1200 2530 2990 10
 19: 1200 3000 2990 66
 20: 1200 2530 2990 66
 22: 2100 2530 2870 66
 23: 2100 2690 2870 10
 24: 2100 2020 2870 10
 25: 1650 2020 2990 10
 27: 1650 3000 2990 66
 28: 1650 2793 2990 66
 29: 1200 2793 2990 66
 31: 1200 3000 2990 10
 32: 1200 2480 2990 10
 33: 2100 2000 2870 10
 35: 2100 2620 2870 66
 37: 2100 2500 2870 66
 38: 1650 2500 2870 66
 39: 1650 3000 2990 10
 40: 1650 2500 2990 10
 41: 2100 2500 2990 10
 42: 2100 3000 2990 66
 43: 2100 2450 2990 66
 44: 1200 2450 2870 66
 45: 1200 2625 2870 10
 46: 1200 2090 2870 10
 47: 1530 2090 2870 10
 48: 1660 2560 2990 10
 49: 1660 3000 2990 66
 50: 1520 2064 2725 66
 51: 1200 2300 2725 10
 52: 1200 1620 2725 10
  1: 1650 1450 2725 10
